628 814
850 594
994 180
426 962
742 635
537 489
515 771
823 237
107 545
299 795
485 655
838 281
30 117
690 767
1058 453
1121 627
969 123
1081 560
453 268
470 86
864 878
890 443
277 1031
472 164
6 319
335 161
806 356
995 905
339 151
131 832
149 786
333 729
143 272
896 312
714 423
128 679
979 618
847 190
660 263
894 523
1045 197
240 655
565 838
3 184
795 120
1102 825
293 280
18 764
411 723
777 552
269 132
257 663
613 944
444 200
154 456
252 156
1110 1033
167 877
1134 908
582 26
952 67
17 19
978 323
650 530
577 567
561 783
1068 313
963 678
186 128
687 925
1104 648
819 952
772 501
964 1013
1054 222
189 375
142 78
725 766
169 845
369 258
828 252
601 847
48 210
775 328
818 269
514 501
168 800
1023 558
685 690
998 952
520 525
793 6
497 613
1108 98
33 615
102 246
1020 723
552 672
484 508
762 410
471 1119
25 885
115 519
348 172
454 982
524 80
787 560
966 294
1077 353
510 348
312 1130
462 339
459 543
176 238
406 934
920 446
686 272
46 526
1129 260
98 83
45 1058
58 69
1046 908
673 91
489 552
495 193
63 489
1044 170
614 1114
86 439
578 132
889 1109
989 969
448 205
581 375
97 196
558 876
26 435
37 647
430 385
362 466
802 548
427 773
617 64
469 379
67 237
1116 533
712 974
691 368
503 755
174 433
1065 15
997 171
194 643
175 365
533 933
271 273
1029 243
242 879
822 347
694 620
124 583
676 890
218 178
1042 819
329 59
328 106
87 860
1101 1041
160 480
480 55
151 914
618 802
327 1032
935 870
394 942
942 1037
99 234
490 923
136 812
571 847
573 190
437 703
132 42
1056 604
415 391
548 1124
993 300
670 815
487 426
291 367
226 891
735 369
1026 401
698 868
421 716
1105 342
776 1081
371 114
508 1016
231 463
876 1105
216 761
807 11
755 354
253 95
620 929
915 762
1013 1039
313 670
827 90
443 938
455 675
94 0
134 611
451 768
287 843
708 162
1075 338
478 772
53 442
2 587
279 527
719 729
1 71
619 659
518 995
109 803
873 373
874 1009
746 310
1078 603
106 701
479 931
162 174
61 962
71 640
20 808
501 635
28 332
1106 314
1007 461
125 741
948 127
1130 897
916 884
318 153
862 45
32 38
1047 1101
535 255
985 478
121 485
843 1059
826 818
729 700
82 740
272 156
235 406
148 413
642 977
16 163
597 664
273 669
556 482
779 825
0 503
528 724
1087 277
359 806
364 53
506 680
486 240
158 735
913 930
42 711
816 777
636 947
849 861
594 253
1053 790
211 1062
893 771
417 565
380 504
213 530
262 898
146 739
941 725
539 747
740 1049
612 75
212 797
513 644
940 1082
891 327
56 341
1126 658
840 836
103 1040
1041 824
833 1128
182 1038
89 126
760 853
208 518
973 596
720 1097
538 828
1066 87
1071 475
24 1096
696 778
49 210
419 22
449 4
377 1053
320 458
310 549
706 19
346 328
633 61
878 899
185 682
627 430
172 562
821 814
919 1074
64 999
879 121
693 364
57 261
105 270
316 646
911 940
140 67
21 154
502 807
474 116
958 296
576 431
972 451
354 281
31 582
141 1076
975 520
883 864
688 949
446 173
734 128
523 630
202 715
545 198
458 676
93 50
460 388
906 765
432 228
351 758
1043 182
692 1005
1048 321
196 997
297 1065
164 208
375 924
285 184
782 1127
47 1116
392 726
748 788
1033 84
895 831
1133 418
766 479
922 926
877 742
481 112
345 221
786 517
66 60
390 278
120 719
679 950
342 26
322 754
733 216
525 245
657 1025
575 251
456 728
461 249
789 841
678 681
83 345
1006 166
108 68
424 39
378 239
1027 394
967 752
283 473
1004 776
9 1003
1095 954
1014 86
1018 559
732 539
237 902
743 395
145 1052
981 952
350 524
494 795
674 779
1103 586
671 1020
246 663
464 311
970 1087
398 957
1112 299
615 515
956 258
425 925
599 185
152 877
858 302
831 472
227 1080
810 859
904 423
750 713
34 1092
428 608
590 213
1051 901
684 155
77 619
150 248
794 465
648 441
931 140
266 1121
385 250
50 714
1067 851
767 685
800 397
986 23
133 315
173 290
728 432
1063 438
