167 591
389 601
549 698
274 732
984 1003
784 67
638 710
913 831
643 752
617 562
127 783
302 881
268 446
534 520
694 775
497 489
352 192
357 730
206 1017
353 824
81 719
476 705
982 148
975 499
216 879
429 857
236 185
78 224
244 151
983 86
289 377
753 12
486 729
201 24
1036 910
896 394
146 845
315 892
211 664
474 341
811 715
415 365
840 542
27 517
779 97
1014 611
50 848
683 486
515 529
9 421
893 673
258 947
1003 994
522 438
724 7
704 366
802 108
87 161
90 544
639 655
958 115
696 893
323 753
972 39
662 359
585 110
687 971
326 398
615 1025
414 210
168 78
710 383
144 261
85 541
487 966
635 81
281 454
286 716
335 328
32 183
632 825
593 1037
719 372
256 187
52 702
185 693
971 985
63 511
91 25
572 886
303 957
516 23
124 147
663 93
529 275
513 374
660 355
437 979
862 348
122 1016
901 649
826 610
795 457
94 462
410 329
680 629
339 658
845 505
381 998
548 254
1018 95
379 1015
325 380
838 117
203 968
490 768
981 402
560 905
955 635
899 926
859 472
551 413
471 312
237 642
456 139
879 342
747 241
889 934
1029 636
944 661
129 903
579 144
8 481
277 135
909 1035
588 464
936 229
164 854
181 107
156 83
112 471
854 198
998 540
116 303
310 286
5 222
97 687
705 145
417 80
19 314
755 436
876 332
946 602
1025 416
562 475
390 946
46 513
421 858
700 346
349 759
977 141
849 467
547 349
270 837
940 949
511 388
241 282
195 207
36 409
890 218
571 835
586 778
701 769
41 865
813 173
657 1024
734 304
979 757
692 479
83 88
582 272
350 750
96 740
520 717
288 866
48 326
140 738
134 163
910 22
555 488
394 101
1024 663
986 795
661 955
1 42
259 743
621 882
833 765
371 904
766 733
924 521
921 265
370 315
269 1002
907 116
42 726
275 749
915 442
305 963
110 399
712 96
574 980
904 181
58 6
808 391
589 803
806 713
954 57
147 526
568 371
461 621
612 180
715 912
478 279
744 889
121 891
235 102
722 712
856 137
537 153
372 354
239 480
55 582
240 951
104 1038
628 92
218 1020
581 1010
366 694
544 1019
368 616
771 36
438 320
689 570
420 143
319 836
401 1033
2 566
119 237
403 458
72 691
492 509
633 639
773 300
765 646
739 718
298 846
993 995
629 250
540 722
973 864
229 852
769 622
431 884
69 975
376 251
1026 802
829 121
502 867
65 0
900 807
764 345
205 530
737 267
775 534
1008 809
468 170
406 1008
935 114
835 801
265 223
295 723
143 870
768 782
413 449
472 943
1020 160
627 565
202 270
881 478
424 747
787 422
108 872
999 914
360 772
59 363
198 560
655 325
855 756
819 741
385 650
380 293
708 1021
101 838
625 262
857 754
853 379
670 494
145 246
49 567
150 154
62 935
