742 289
714 475
133 758
664 88
934 955
1057 858
1051 663
415 974
659 795
552 258
979 513
1087 420
138 812
717 700
648 281
544 161
163 841
384 804
849 366
298 881
1 89
798 961
961 12
420 467
379 1022
50 1005
521 55
826 414
136 77
148 32
682 380
340 310
609 841
108 63
943 216
0 1
619 965
124 884
1091 593
666 206
720 580
527 412
945 719
537 471
281 462
1009 608
36 392
237 704
72 410
889 266
980 295
79 98
689 79
154 187
541 733
125 159
1078 468
580 271
191 215
884 827
774 334
911 811
540 218
839 144
1096 592
792 722
692 372
926 320
589 394
100 824
405 865
933 976
696 514
56 883
437 311
762 183
119 663
440 55
697 387
660 403
850 905
45 768
1068 513
1127 672
728 748
806 1005
287 461
66 537
443 593
653 860
1071 287
1097 470
454 1011
734 230
311 147
816 926
168 753
432 812
771 771
13 153
622 321
874 14
591 273
1013 408
269 471
1119 294
516 836
902 935
264 231
1072 1012
62 156
1023 483
865 305
315 413
174 354
504 99
296 929
994 669
103 997
1005 893
381 738
643 560
1077 957
723 329
840 320
564 538
846 416
473 337
671 377
754 257
968 62
205 196
402 717
511 571
158 930
414 546
183 333
80 1001
561 878
715 670
700 145
407 249
499 173
34 733
530 297
291 280
917 196
685 834
1101 594
992 135
631 922
982 478
711 1030
833 113
257 937
789 132
989 246
637 641
1052 199
1082 266
909 867
4 768
955 718
1038 821
508 807
1106 326
37 926
347 184
887 599
277 1008
375 405
324 621
329 192
939 869
509 991
1028 661
59 741
1042 454
750 21
900 34
777 388
496 186
470 375
1124 372
663 305
1110 577
518 330
724 36
960 694
751 267
548 1021
725 352
32 25
891 765
90 785
546 452
462 521
953 774
550 56
1102 274
167 498
684 561
595 754
534 469
1036 221
189 750
121 763
897 11
758 265
289 880
5 214
299 188
661 942
368 748
144 882
492 801
674 784
665 904
786 864
92 834
843 514
232 869
176 373
2 378
1128 57
608 277
635 423
903 560
485 345
491 514
950 152
558 194
316 684
704 228
40 739
824 399
573 788
753 88
243 170
1081 827
710 292
549 349
905 470
878 485
605 235
458 429
1053 93
391 155
301 667
640 534
587 780
39 690
655 815
1048 357
365 210
153 143
781 457
220 1022
229 668
1131 205
808 983
1134 600
179 338
820 406
338 511
16 835
74 762
17 754
82 680
512 2
471 1006
330 252
679 595
838 1095
30 410
453 2
712 1033
313 284
912 302
907 510
1063 716
467 0
85 160
24 1024
890 573
240 1018
899 727
355 222
733 139
683 973
55 1084
802 217
975 608
611 845
87 199
380 625
116 576
741 142
997 763
388 949
1011 23
701 95
817 13
809 569
844 588
858 762
441 1028
321 803
451 985
799 446
829 404
576 890
211 1039
821 993
84 161
756 279
33 1083
1061 198
464 600
102 578
372 189
7 828
759 754
23 910
199 260
390 521
652 1097
690 939
807 338
53 736
1019 262
169 592
203 88
196 87
636 977
28 552
615 598
719 752
737 577
337 570
641 1023
569 756
1122 31
468 103
358 361
693 812
601 934
184 1022
783 1054
1062 516
336 805
399 324
224 1105
793 1133
317 636
547 93
267 475
744 1041
110 626
297 359
957 303
234 127
472 744
353 783
937 1129
88 1074
927 681
497 129
599 798
8 1040
642 490
716 269
377 508
500 531
306 603
557 776
187 454
265 271
532 56
425 683
322 759
207 932
768 607
397 547
1060 248
143 16
879 757
460 275
29 367
21 539
533 654
409 261
852 525
1041 925
574 66
476 998
959 467
765 1066
198 354
857 484
11 597
787 110
784 472
1046 466
22 854
268 1046
713 496
282 781
155 885
1111 394
1089 482
514 434
95 364
334 280
621 515
860 4
166 903
479 537
386 442
988 660
1016 889
513 179
880 1101
302 678
565 242
553 821
916 1090
115 51
1006 450
1098 246
775 452
252 74
107 561
127 317
868 319
603 170
327 282
1054 339
772 393
987 650
1107 766
235 176
1032 826
444 332
216 953
54 995
276 259
654 407
147 609
773 387
647 273
535 748
567 969
921 634
