742 289
714 475
133 758
664 88
934 955
1057 858
1051 663
415 974
659 795
552 258
979 513
1087 420
138 812
717 700
648 281
544 161
163 841
384 804
849 366
298 881
1 89
798 961
961 12
420 467
379 1022
50 1005
521 55
826 414
136 77
148 32
682 380
340 310
609 841
108 63
943 216
0 1
619 965
124 884
1091 593
666 206
720 580
527 412
945 719
537 471
281 462
1009 608
36 392
237 704
72 410
889 266
980 295
79 98
689 79
154 187
541 733
125 159
1078 468
580 271
191 215
884 827
774 334
911 811
540 218
839 144
1096 592
792 722
692 372
926 320
589 394
100 824
405 865
933 976
696 514
56 883
437 311
762 183
119 663
440 55
697 387
660 403
850 905
45 768
1068 513
1127 672
728 748
806 1005
287 461
66 537
443 593
653 860
1071 287
1097 470
454 1011
734 230
311 147
816 926
168 753
432 812
771 771
13 153
622 321
874 14
591 273
1013 408
269 471
1119 294
516 836
902 935
264 231
1072 1012
62 156
1023 483
865 305
315 413
174 354
504 99
296 929
994 669
103 997
1005 893
381 738
643 560
1077 957
723 329
840 320
564 538
846 416
473 337
671 377
754 257
968 62
205 196
402 717
511 571
158 930
414 546
183 333
80 1001
561 878
715 670
700 145
407 249
499 173
34 733
530 297
291 280
917 196
685 834
1101 594
992 135
631 922
982 478
711 1030
833 113
257 937
789 132
989 246
637 641
1052 199
1082 266
909 867
4 768
955 718
1038 821
508 807
1106 326
37 926
347 184
887 599
277 1008
375 405
324 621
329 192
939 869
509 991
1028 661
59 741
1042 454
750 21
900 34
777 388
496 252
470 579
1124 378
663 229
1110 371
518 432
724 926
960 123
751 664
548 745
725 147
32 48
891 227
90 219
546 948
462 1132
953 184
550 408
1102 616
167 348
684 462
595 187
534 594
1036 114
189 795
121 955
897 800
758 94
289 556
5 991
299 533
661 117
368 1009
144 933
492 495
674 713
665 211
786 1076
92 769
843 81
232 268
176 357
2 997
1128 10
608 228
635 841
903 816
485 1001
491 791
950 1103
558 1027
316 682
704 239
40 1080
824 108
573 887
753 633
243 937
1081 183
710 958
549 353
905 1100
878 42
605 930
458 694
1053 78
391 637
301 1047
640 631
587 551
39 21
655 747
1048 601
365 584
153 1092
781 796
220 861
229 46
1131 14
808 194
1134 870
179 235
820 1131
338 390
16 652
74 971
17 485
82 382
512 780
471 869
330 1011
679 595
838 1095
30 410
453 2
712 1033
313 284
912 302
907 510
1063 716
467 0
85 160
24 1024
890 573
240 1018
899 727
355 222
733 139
683 973
55 1084
802 217
975 608
611 845
87 199
380 625
116 576
741 142
997 763
388 949
1011 23
701 95
817 13
809 569
844 588
858 762
441 1028
321 803
451 985
799 446
829 404
576 890
211 1039
821 993
84 161
756 279
33 1083
1061 198
464 600
102 578
372 189
7 828
759 754
23 910
199 260
390 521
652 1097
690 939
807 338
53 736
1019 262
169 592
203 88
196 87
636 977
28 552
615 598
719 752
737 577
337 570
641 1023
569 756
1122 31
468 103
358 361
693 812
601 934
184 1022
783 1054
1062 516
336 805
399 324
224 1105
793 1133
317 636
547 93
267 475
744 1041
110 626
297 359
957 303
234 127
472 744
353 783
937 1129
88 1074
927 681
497 129
599 798
8 1040
642 490
716 269
377 508
500 531
306 603
557 776
187 454
265 271
532 56
425 683
322 759
207 932
768 607
397 547
1060 248
143 16
879 757
460 275
29 367
21 539
533 654
409 261
852 525
1041 925
574 66
476 998
959 467
765 1066
198 354
857 484
11 597
787 110
784 472
1046 466
22 854
268 1046
713 496
282 781
155 885
1111 394
1089 482
514 434
95 364
334 280
621 515
860 4
166 903
479 537
386 442
988 660
1016 889
513 179
880 1101
302 678
565 242
553 821
916 1090
115 51
1006 450
1098 246
775 452
252 74
107 561
127 317
868 319
603 170
327 282
1054 339
772 393
987 650
1107 766
235 176
1032 826
444 332
216 953
54 995
276 259
654 407
147 609
773 387
647 273
535 748
567 969
921 634
