0 204
1 309
2 293
3 445
4 420
5 39
6 143
7 1105
8 470
9 116
10 228
11 221
12 959
13 492
14 155
15 344
16 311
17 910
18 674
19 482
20 578
21 1026
22 668
23 941
24 168
25 1093
26 815
27 1091
28 708
29 469
30 1066
31 953
32 446
33 87
34 808
35 831
36 787
37 840
38 281
39 829
40 716
41 543
42 169
43 684
44 753
45 283
46 858
47 1116
48 996
49 860
50 775
51 77
52 342
53 197
54 302
55 558
56 624
57 256
58 131
59 235
60 306
61 848
62 1021
63 912
64 817
65 1016
66 595
67 1088
68 920
69 6
70 127
71 334
72 654
73 31
74 1083
75 528
76 194
77 841
78 1035
79 669
80 173
81 160
82 211
83 114
84 881
85 447
86 321
87 296
88 1056
89 174
90 112
91 266
92 392
93 473
94 586
95 233
96 675
97 291
98 1037
99 833
100 85
101 760
102 525
103 725
104 1097
105 766
106 225
107 279
108 519
109 189
110 861
111 527
112 129
113 601
114 370
115 395
116 331
117 19
118 726
119 424
120 437
121 190
122 919
123 1043
124 596
125 835
126 555
127 515
128 755
129 923
130 133
131 1052
132 12
133 866
134 460
135 1084
136 315
137 97
138 428
139 20
140 32
141 483
142 1018
143 978
144 562
145 845
146 894
147 702
148 505
149 139
150 868
151 800
152 1023
153 294
154 641
155 746
156 290
157 658
158 557
159 1049
160 782
161 1131
162 648
163 355
164 212
165 902
166 832
167 1110
168 548
169 553
170 646
171 1007
172 895
173 687
174 1123
175 510
176 218
177 1017
178 565
179 0
180 354
181 475
182 330
183 1113
184 606
185 44
186 193
187 66
188 1045
189 199
190 118
191 773
192 667
193 1044
194 312
195 763
196 564
197 353
198 466
199 403
200 745
201 880
202 846
203 830
204 149
205 123
206 1090
207 852
208 793
209 837
210 96
211 984
212 705
213 253
214 485
215 533
216 950
217 512
218 537
219 258
220 179
221 777
222 285
223 346
224 486
225 450
226 5
227 590
228 159
229 16
230 195
231 163
232 181
233 955
234 605
235 498
236 795
237 666
238 22
239 161
240 307
241 888
242 653
243 1009
244 867
245 264
246 724
247 493
248 1111
249 1071
250 750
251 650
252 257
253 206
254 819
255 262
256 513
257 1080
258 617
259 647
260 618
261 177
262 271
263 14
264 781
265 979
266 153
267 1081
268 961
269 318
270 227
271 292
272 689
273 956
274 405
275 41
276 584
277 61
278 856
279 1022
280 968
281 18
282 241
283 378
284 1048
285 1072
286 416
287 1055
288 23
289 826
290 1054
291 916
292 827
293 711
294 804
295 813
296 899
297 425
298 752
299 963
300 857
301 597
302 930
303 140
304 158
305 887
306 232
307 810
308 1108
309 113
310 333
311 477
312 1082
313 501
314 603
315 885
316 599
317 834
318 882
319 49
320 1079
321 491
322 92
323 991
324 251
325 231
326 215
327 128
328 661
329 244
330 1003
331 74
332 622
333 371
334 783
335 1063
336 575
337 277
338 345
339 908
340 91
341 415
342 803
343 54
344 135
345 349
346 142
347 105
348 82
349 896
350 9
351 697
352 407
353 1129
354 443
355 338
356 339
357 465
358 625
359 612
360 814
361 656
362 842
363 588
364 1096
365 357
366 875
367 319
368 970
369 567
370 718
371 680
372 1070
373 1013
374 1109
375 171
376 263
377 323
378 365
379 124
380 287
381 904
382 1127
383 791
384 387
385 714
386 1015
387 328
388 700
389 556
390 1012
391 741
392 245
393 379
394 645
395 836
396 95
397 1020
398 686
399 1089
400 260
401 1133
402 582
403 280
404 213
405 872
406 401
407 267
408 1008
409 25
410 712
411 678
412 497
413 657
414 594
415 252
416 397
417 839
418 659
419 871
420 1032
421 740
422 229
423 541
424 69
425 901
426 964
427 735
428 119
429 969
430 166
431 472
432 822
433 877
434 130
435 1033
436 383
437 1126
438 774
439 1019
440 196
441 935
442 876
443 276
444 632
445 600
446 820
447 28
448 202
449 134
450 377
451 1107
452 821
453 50
454 862
455 295
456 178
457 936
458 42
459 1102
460 818
461 86
462 786
463 915
464 390
465 889
466 455
467 560
468 931
469 995
470 526
471 382
472 209
473 144
474 524
475 870
476 873
477 68
478 414
479 844
480 75
481 474
482 621
483 807
484 965
485 1085
486 396
487 911
488 43
489 1064
490 104
491 26
492 187
493 629
494 188
495 234
496 695
497 946
498 898
499 351
500 683
501 375
502 975
503 363
504 65
505 259
506 721
507 138
508 80
509 967
510 457
511 744
512 4
513 771
514 761
515 759
516 284
517 254
518 237
519 688
520 222
521 770
522 972
523 1040
524 488
525 971
526 623
527 21
528 563
529 552
530 765
531 444
532 532
533 843
534 411
535 507
536 1004
537 1046
538 891
539 372
540 855
541 938
542 51
543 568
544 762
545 520
546 479
547 707
548 508
549 572
550 289
551 592
552 164
553 150
554 713
555 982
556 534
557 864
558 903
559 1077
560 325
561 722
562 297
563 121
564 717
565 278
566 516
567 797
568 651
569 63
570 559
571 853
572 359
573 103
574 45
575 1114
576 636
577 1132
578 701
579 988
580 509
581 925
582 917
583 1076
584 60
585 1128
586 607
587 918
588 608
589 62
590 909
591 655
592 165
593 399
594 952
595 79
596 214
597 948
598 300
599 1121
600 784
601 973
602 1058
603 1130
604 642
605 943
606 796
607 583
608 696
609 719
610 47
611 523
612 801
613 1087
614 156
615 522
616 205
617 665
618 738
619 883
620 544
621 1075
622 301
623 308
624 764
625 242
626 529
627 7
628 790
629 73
630 120
631 906
632 798
633 110
634 217
635 1025
636 57
637 369
638 847
639 393
640 1060
641 704
642 386
643 900
644 329
645 504
646 154
647 611
648 729
649 223
650 500
651 566
652 1134
653 412
654 15
655 185
656 340
657 175
658 71
659 404
660 644
661 692
662 698
663 1005
664 398
665 733
666 542
667 1118
668 731
669 958
670 8
671 850
672 170
673 494
674 768
675 756
676 1073
677 272
678 310
679 11
680 945
681 570
682 186
683 897
684 587
685 337
686 1030
687 685
688 662
689 327
690 324
691 849
692 176
693 591
694 427
695 664
696 747
697 236
698 314
699 238
700 429
701 748
702 1050
703 219
704 59
705 928
706 126
707 2
708 468
709 376
710 249
711 538
712 282
713 230
714 441
715 147
716 1061
717 52
718 758
719 854
720 799
721 823
722 362
723 27
724 905
725 102
726 350
727 1053
728 426
729 1002
730 454
731 694
732 17
733 626
734 723
735 1001
736 635
737 780
738 859
739 146
740 1057
741 1115
742 521
743 767
744 1074
745 792
746 434
747 539
748 778
749 67
750 109
751 320
752 459
753 53
754 634
755 207
756 1027
757 348
758 343
759 863
760 1029
761 201
762 487
763 88
764 1059
765 869
766 499
767 341
768 986
769 628
770 368
771 136
772 530
773 1034
774 802
775 431
776 56
777 1103
778 208
779 620
780 332
781 769
782 593
783 1124
784 613
785 1051
786 676
787 966
788 929
789 1112
790 734
791 467
792 598
793 671
794 270
795 381
796 94
797 380
798 243
799 569
800 609
801 3
802 13
803 610
804 413
805 1014
806 352
807 442
808 874
809 167
810 1062
811 335
812 409
813 462
814 779
815 1099
816 990
817 152
818 954
819 730
820 809
821 927
822 879
823 203
824 660
825 907
826 980
827 788
828 1100
829 78
830 637
831 960
832 239
833 423
834 1024
835 83
836 536
837 58
838 503
839 951
840 141
841 681
842 422
843 366
844 633
845 924
846 200
847 33
848 710
849 812
850 151
851 737
852 452
853 115
854 1010
855 489
856 448
857 892
858 388
859 358
860 461
861 417
862 932
863 728
864 433
865 638
866 107
867 751
868 1047
869 356
870 933
871 690
872 117
873 261
874 947
875 385
876 1104
877 1069
878 495
879 573
880 98
881 463
882 268
883 934
884 286
885 29
886 471
887 736
888 754
889 789
890 1101
891 922
892 998
893 100
894 336
895 652
896 631
897 619
898 571
899 679
900 430
901 691
902 663
903 579
904 939
905 1036
906 419
907 367
908 432
909 828
910 1038
911 739
912 549
913 630
914 111
915 577
916 48
917 40
918 373
919 464
920 145
921 476
922 547
923 408
924 602
925 1067
926 940
927 604
928 838
929 456
930 1120
931 1117
932 1078
933 1065
934 926
935 517
936 106
937 298
938 24
939 46
940 269
941 502
942 317
943 506
944 184
945 757
946 93
947 72
948 410
949 273
950 576
951 38
952 890
953 458
954 550
955 1095
956 326
957 997
958 481
959 436
960 682
961 805
962 913
963 389
964 438
965 989
966 627
967 10
968 974
969 274
970 518
971 90
972 402
973 180
974 672
975 937
976 247
977 449
978 1041
979 1039
980 994
981 743
982 884
983 851
984 183
985 255
986 545
987 478
988 1000
989 574
990 435
991 84
992 224
993 361
994 987
995 1122
996 108
997 1011
998 999
999 1006
1000 64
1001 137
1002 992
1003 101
1004 364
1005 944
1006 732
1007 670
1008 496
1009 1119
1010 785
1011 439
1012 703
1013 589
1014 374
1015 794
1016 580
1017 962
1018 172
1019 677
1020 216
1021 640
1022 806
1023 198
1024 1028
1025 55
1026 693
1027 709
1028 616
1029 546
1030 240
1031 581
1032 313
1033 715
1034 649
1035 942
1036 148
1037 825
1038 384
1039 440
1040 1
1041 977
1042 394
1043 226
1044 132
1045 322
1046 699
1047 37
1048 639
1049 540
1050 99
1051 824
1052 480
1053 347
1054 585
1055 81
1056 514
1057 1094
1058 484
1059 250
1060 614
1061 985
1062 162
1063 772
1064 220
1065 299
1066 265
1067 776
1068 275
1069 1086
1070 210
1071 976
1072 949
1073 1098
1074 418
1075 886
1076 1106
1077 490
1078 248
1079 551
1080 1042
1081 182
1082 122
1083 535
1084 878
1085 511
1086 554
1087 706
1088 304
1089 531
1090 727
1091 125
1092 1031
1093 957
1094 30
1095 36
1096 451
1097 316
1098 191
1099 70
1100 816
1101 981
1102 1125
1103 673
1104 749
1105 1092
1106 993
1107 391
1108 76
1109 246
1110 303
1111 742
1112 406
1113 89
1114 400
1115 865
1116 35
1117 453
1118 288
1119 914
1120 893
1121 360
1122 157
1123 643
1124 811
1125 305
1126 983
1127 921
1128 192
1129 421
1130 561
1131 34
1132 1068
1133 720
1134 615
