0 1068
1 727
2 1131
3 357
4 595
5 566
6 837
7 621
8 443
9 268
10 385
11 429
12 796
13 892
14 346
15 1120
16 919
17 87
18 331
19 912
20 80
21 1051
22 813
23 194
24 864
25 1049
26 506
27 367
28 167
29 878
30 873
31 1045
32 1043
33 737
34 317
35 920
36 960
37 278
38 654
39 944
40 949
41 812
42 541
43 945
44 792
45 875
46 1113
47 50
48 252
49 583
50 40
51 524
52 1013
53 724
54 1048
55 972
56 918
57 234
58 183
59 655
60 1017
61 328
62 94
63 28
64 602
65 57
66 616
67 187
68 830
69 176
70 235
71 994
72 874
73 169
74 523
75 582
76 188
77 1021
78 314
79 1058
80 663
81 106
82 908
83 10
84 720
85 396
86 551
87 316
88 490
89 441
90 743
91 1127
92 1081
93 1060
94 1080
95 131
96 402
97 891
98 341
99 144
100 656
101 1132
102 1087
103 765
104 1007
105 910
106 957
107 1011
108 85
109 889
110 1115
111 22
112 37
113 47
114 824
115 1018
116 539
117 1110
118 327
119 814
120 977
121 879
122 580
123 249
124 811
125 1019
126 620
127 938
128 393
129 1000
130 1061
131 783
132 653
133 133
134 221
135 673
136 222
137 168
138 577
139 248
140 470
141 754
142 726
143 65
144 1124
145 121
146 1024
147 377
148 348
149 555
150 763
151 586
152 624
153 625
154 45
155 343
156 800
157 511
158 598
159 408
160 603
161 958
162 5
163 1
164 360
165 444
166 642
167 1042
168 669
169 300
170 412
171 152
172 688
173 606
174 67
175 90
176 250
177 15
178 207
179 504
180 1063
181 581
182 311
183 915
184 766
185 772
186 613
187 1012
188 906
189 1037
190 44
191 496
192 565
193 703
194 307
195 750
196 849
197 865
198 353
199 309
200 632
201 563
202 0
203 827
204 283
205 431
206 292
207 196
208 481
209 525
210 54
211 536
212 362
213 664
214 117
215 381
216 219
217 319
218 1020
219 502
220 107
221 1046
222 971
223 467
224 752
225 619
226 466
227 909
228 627
229 885
230 601
231 592
232 456
233 438
234 931
235 968
236 689
237 975
238 826
239 699
240 769
241 771
242 1094
243 415
244 1033
245 46
246 204
247 927
248 162
249 81
250 338
251 793
252 820
253 628
254 277
255 935
256 1032
257 500
258 676
259 831
260 374
261 101
262 828
263 395
264 266
265 937
266 666
267 26
268 446
269 741
270 174
271 561
272 698
273 576
274 17
275 590
276 447
277 611
278 383
279 218
280 403
281 708
282 900
283 347
284 113
285 570
286 564
287 239
288 527
289 558
290 461
291 240
292 882
293 497
294 483
295 847
296 1104
297 789
298 856
299 220
300 70
301 439
302 530
303 366
304 318
305 321
306 86
307 272
308 440
309 674
310 571
311 959
312 373
313 179
314 388
315 416
316 486
317 418
318 512
319 1105
320 91
321 756
322 681
323 182
324 505
325 18
326 725
327 180
328 832
329 29
330 807
331 1079
332 954
333 562
334 877
335 267
336 175
337 304
338 834
339 1128
340 370
341 970
342 786
343 1085
344 1008
345 352
346 217
347 123
348 275
349 984
350 166
351 365
352 115
353 148
354 982
355 806
356 888
357 784
358 1072
359 816
360 1129
361 6
362 132
363 165
364 693
365 238
366 614
367 449
368 232
369 836
370 297
371 778
372 247
373 517
374 537
375 1077
376 71
377 857
378 76
379 886
380 358
381 454
382 484
383 749
384 987
385 310
386 1050
387 137
388 644
389 599
390 1088
391 426
392 863
393 136
394 56
395 159
396 701
397 313
398 468
399 143
400 862
401 966
402 773
403 392
404 1069
405 325
406 1086
407 706
408 271
409 298
410 855
411 59
412 78
413 682
414 224
415 200
416 270
417 843
418 397
419 718
420 1070
421 231
422 532
423 529
424 846
425 604
426 254
427 140
428 279
429 1096
430 450
431 79
432 282
433 866
434 294
435 53
436 913
437 1100
438 548
439 100
440 163
441 61
442 876
443 285
444 825
445 427
446 422
447 761
448 845
449 339
450 448
451 1002
452 520
453 692
454 34
455 400
456 1003
457 105
458 84
459 82
460 361
461 97
462 696
463 883
464 835
465 177
466 916
467 612
468 453
469 259
470 337
471 398
472 269
473 32
474 890
475 386
476 542
477 509
478 473
479 715
480 579
481 49
482 21
483 1074
484 608
485 667
486 881
487 160
488 126
489 198
490 709
491 550
492 178
493 303
494 225
495 63
496 114
497 679
498 193
499 135
500 1121
501 651
502 721
503 257
504 687
505 782
506 1114
507 155
508 1108
509 1073
510 922
511 151
512 911
513 623
514 659
515 226
516 899
517 735
518 201
519 965
520 245
521 1030
522 116
523 983
524 290
525 463
526 660
527 410
528 547
529 1047
530 557
531 767
532 770
533 38
534 809
535 734
536 779
537 104
538 284
539 801
540 587
541 42
542 980
543 253
544 1102
545 209
546 492
547 332
548 305
549 510
550 1052
551 434
552 646
553 98
554 650
555 1055
556 941
557 797
558 11
559 776
560 575
561 695
562 1057
563 1023
564 823
565 503
566 1099
567 324
568 1006
569 678
570 1027
571 301
572 1123
573 533
574 359
575 139
576 195
577 626
578 118
579 485
580 588
581 125
582 1026
583 9
584 376
585 861
586 1075
587 409
588 844
589 552
590 432
591 66
592 192
593 723
594 382
595 746
596 929
597 898
598 111
599 544
600 851
601 702
602 730
603 30
604 445
605 759
606 203
607 435
608 210
609 345
610 157
611 460
612 186
613 1066
614 574
615 36
616 1056
617 744
618 108
619 686
620 457
621 680
622 519
623 264
624 568
625 589
626 1134
627 372
628 302
629 1016
630 83
631 261
632 962
633 334
634 191
635 969
636 513
637 633
638 202
639 458
640 491
641 1015
642 711
643 214
644 138
645 1133
646 1022
647 647
648 495
649 990
650 802
651 662
652 785
653 477
654 164
655 732
656 630
657 755
658 498
659 993
660 710
661 1093
662 788
663 110
664 330
665 424
666 936
667 368
668 13
669 459
670 27
671 803
672 697
673 1039
674 227
675 731
676 145
677 639
678 753
679 1117
680 77
681 549
682 1130
683 838
684 103
685 658
686 296
687 964
688 255
689 147
690 610
691 942
692 394
693 700
694 213
695 757
696 472
697 534
698 428
699 887
700 1071
701 150
702 893
703 336
704 818
705 35
706 109
707 276
708 609
709 690
710 740
711 515
712 946
713 841
714 329
715 455
716 1035
717 411
718 903
719 1089
720 640
721 671
722 870
723 320
724 72
725 775
726 363
727 585
728 955
729 1118
730 229
731 208
732 199
733 489
734 774
735 1090
736 384
737 961
738 901
739 897
740 747
741 1103
742 804
743 413
744 274
745 295
746 894
747 854
748 649
749 821
750 808
751 364
752 173
753 241
754 1076
755 25
756 88
757 704
758 554
759 172
760 672
761 1009
762 158
763 60
764 1125
765 351
766 705
767 375
768 758
769 631
770 605
771 333
772 31
773 263
774 260
775 423
776 829
777 1083
778 764
779 567
780 1004
781 617
782 52
783 636
784 833
785 733
786 677
787 742
788 559
789 1098
790 141
791 112
792 714
793 518
794 683
795 713
796 494
797 119
798 48
799 781
800 3
801 312
802 560
803 926
804 1119
805 478
806 414
807 1059
808 64
809 556
810 652
811 43
812 643
813 858
814 860
815 902
816 243
817 637
818 932
819 553
820 215
821 953
822 55
823 1111
824 237
825 146
826 488
827 212
828 355
829 322
830 471
831 1067
832 794
833 904
834 584
835 326
836 790
837 1126
838 521
839 694
840 760
841 430
842 950
843 1005
844 973
845 719
846 244
847 895
848 545
849 1014
850 230
851 791
852 39
853 988
854 738
855 501
856 1053
857 391
858 401
859 538
860 369
861 1084
862 917
863 1065
864 991
865 256
866 92
867 974
868 99
869 573
870 995
871 291
872 288
873 499
874 493
875 1078
876 1106
877 884
878 342
879 716
880 8
881 923
882 641
883 986
884 390
885 89
886 799
887 1041
888 12
889 635
890 981
891 522
892 399
893 514
894 371
895 928
896 62
897 1122
898 930
899 840
900 273
901 596
902 822
903 58
904 154
905 762
906 934
907 425
908 4
909 308
910 1091
911 74
912 1044
913 134
914 999
915 281
916 508
917 745
918 433
919 531
920 868
921 591
922 976
923 914
924 251
925 648
926 963
927 299
928 69
929 265
930 842
931 465
932 543
933 68
934 7
935 645
936 675
937 739
938 728
939 540
940 128
941 668
942 947
943 684
944 859
945 1028
946 149
947 452
948 480
949 905
950 354
951 223
952 1010
953 815
954 661
955 869
956 1116
957 992
958 952
959 712
960 1097
961 419
962 340
963 417
964 736
965 717
966 287
967 246
968 546
969 16
970 75
971 197
972 161
973 350
974 33
975 19
976 572
977 924
978 622
979 665
980 51
981 921
982 420
983 880
984 1054
985 996
986 335
987 127
988 122
989 1034
990 795
991 1036
992 933
993 948
994 1038
995 464
996 170
997 171
998 407
999 978
1000 442
1001 593
1002 479
1003 1107
1004 142
1005 421
1006 211
1007 940
1008 306
1009 380
1010 850
1011 780
1012 289
1013 748
1014 379
1015 638
1016 943
1017 189
1018 233
1019 507
1020 405
1021 1025
1022 120
1023 344
1024 729
1025 378
1026 258
1027 872
1028 349
1029 979
1030 691
1031 323
1032 798
1033 951
1034 707
1035 629
1036 1001
1037 228
1038 474
1039 685
1040 482
1041 130
1042 768
1043 406
1044 190
1045 184
1046 185
1047 1082
1048 286
1049 810
1050 998
1051 236
1052 867
1053 1064
1054 528
1055 206
1056 751
1057 896
1058 852
1059 476
1060 469
1061 129
1062 839
1063 925
1064 516
1065 404
1066 853
1067 819
1068 242
1069 293
1070 1040
1071 1031
1072 939
1073 1062
1074 437
1075 777
1076 475
1077 787
1078 805
1079 535
1080 2
1081 102
1082 262
1083 1112
1084 578
1085 216
1086 387
1087 526
1088 205
1089 907
1090 1029
1091 1092
1092 871
1093 124
1094 594
1095 73
1096 607
1097 41
1098 280
1099 156
1100 967
1101 615
1102 24
1103 1109
1104 569
1105 985
1106 997
1107 14
1108 20
1109 848
1110 181
1111 1101
1112 618
1113 436
1114 989
1115 451
1116 956
1117 315
1118 23
1119 1095
1120 96
1121 153
1122 657
1123 462
1124 95
1125 93
1126 817
1127 722
1128 670
1129 600
1130 389
1131 634
1132 597
1133 487
1134 356
0 1068
1 727
2 1131
3 357
4 595
5 566
6 837
7 621
8 443
9 268
10 385
11 429
12 796
13 892
14 346
15 1120
16 919
17 87
18 331
19 912
20 80
21 1051
22 813
23 194
24 864
25 1049
26 506
27 367
28 167
29 878
30 873
31 1045
32 1043
33 737
34 317
35 920
36 960
37 278
38 654
39 944
40 949
41 812
42 541
43 945
44 792
45 875
46 1113
47 50
48 252
49 583
50 40
51 524
52 1013
53 724
54 1048
55 972
56 918
57 234
58 183
59 655
60 1017
61 328
62 94
63 28
64 602
65 57
66 616
67 187
68 830
69 176
70 235
71 994
72 874
73 169
74 523
75 582
76 188
77 1021
78 314
79 1058
80 663
81 106
82 908
83 10
84 720
85 396
86 551
87 316
88 490
89 441
90 743
91 1127
92 1081
93 1060
94 1080
95 131
96 402
97 891
98 341
99 144
100 656
101 1132
102 1087
103 765
104 1007
105 910
106 957
107 1011
108 85
109 889
110 1115
111 22
112 37
113 47
114 824
115 1018
116 539
117 1110
118 327
119 814
120 977
121 879
122 580
123 249
124 811
125 1019
126 620
127 938
128 393
129 1000
130 1061
131 783
132 653
133 133
134 221
135 673
136 222
137 168
138 577
139 248
140 470
141 754
142 726
143 65
144 1124
145 121
146 1024
147 377
148 348
149 555
150 763
151 586
152 624
153 625
154 45
155 343
156 800
157 511
158 598
159 408
160 603
161 958
162 5
163 1
164 360
165 444
166 642
167 1042
168 669
169 300
170 412
171 152
172 688
173 606
174 67
175 90
176 250
177 15
178 207
179 504
180 1063
181 581
182 311
183 915
184 766
185 772
186 613
187 1012
188 906
189 1037
190 44
191 496
192 565
193 703
194 307
195 750
196 849
197 865
198 353
199 309
200 632
201 563
202 0
203 827
204 283
205 431
206 292
207 196
208 481
209 525
210 54
211 536
212 362
213 664
214 117
215 381
216 219
217 319
218 1020
219 502
220 107
221 1046
222 971
223 467
224 752
225 619
226 466
227 909
228 627
229 885
230 601
231 592
232 456
233 438
234 931
235 968
236 689
237 975
238 826
239 699
240 769
241 771
242 1094
243 415
244 1033
245 46
246 204
247 927
248 162
249 81
250 338
251 793
252 820
253 628
254 277
255 935
256 1032
257 500
258 676
259 831
260 374
261 101
262 828
263 395
264 266
265 937
266 666
267 26
268 446
269 741
270 174
271 561
272 698
273 576
274 17
275 590
276 447
277 611
278 383
279 218
280 403
281 708
282 900
283 347
284 113
285 570
286 564
287 239
288 527
289 558
290 461
291 240
292 882
293 497
294 483
295 847
296 1104
297 789
298 856
299 220
300 70
301 439
302 530
303 366
304 318
305 321
306 86
307 272
308 440
309 674
310 571
311 959
312 373
313 179
314 388
315 416
316 486
317 418
318 512
319 1105
320 91
321 756
322 681
323 182
324 505
325 18
326 725
327 180
328 832
329 29
330 807
331 1079
332 954
333 562
334 877
335 267
336 175
337 304
338 834
339 1128
340 370
341 970
342 786
343 1085
344 1008
345 352
346 217
347 123
348 275
349 984
350 166
351 365
352 115
353 148
354 982
355 806
356 888
357 784
358 1072
359 816
360 1129
361 6
362 132
363 165
364 693
365 238
366 614
367 449
368 232
369 836
370 297
371 778
372 247
373 517
374 537
375 1077
376 71
377 857
378 76
379 886
380 358
381 454
382 484
383 749
384 987
385 310
386 1050
387 137
388 644
389 599
390 1088
391 426
392 863
393 136
394 56
395 159
396 701
397 313
398 468
399 143
400 862
401 966
402 773
403 392
404 1069
405 325
406 1086
407 706
408 271
409 298
410 855
411 59
412 78
413 682
414 224
415 200
416 270
417 843
418 397
419 718
420 1070
421 231
422 532
423 529
424 846
425 604
426 254
427 140
428 279
429 1096
430 450
431 79
432 282
433 866
434 294
435 53
436 913
437 1100
438 548
439 100
440 163
441 61
442 876
443 285
444 825
445 427
446 422
447 761
448 845
449 339
450 448
451 1002
452 520
453 692
454 34
455 400
456 1003
457 105
458 84
459 82
460 361
461 97
462 696
463 883
464 835
465 177
466 916
467 612
468 453
469 259
470 337
471 398
472 269
473 32
474 890
475 386
476 542
477 509
478 473
479 715
480 579
481 49
482 21
483 1074
484 608
485 667
486 881
487 160
488 126
489 198
490 709
491 550
492 178
493 303
494 225
495 63
496 114
497 679
498 193
499 135
500 1121
501 651
502 721
503 257
504 687
505 782
506 1114
507 155
508 1108
509 1073
510 922
511 151
512 911
513 623
514 659
515 226
516 899
517 735
518 201
519 965
520 245
521 1030
522 116
523 983
524 290
525 463
526 660
527 410
528 547
529 1047
530 557
531 767
532 770
533 38
534 809
535 734
536 779
537 104
538 284
539 801
540 587
541 42
542 980
543 253
544 1102
545 209
546 492
547 332
548 305
549 510
550 1052
551 434
552 646
553 98
554 650
555 1055
556 941
557 797
558 11
559 776
560 575
561 695
562 1057
563 1023
564 823
565 503
566 1099
567 324
568 1006
569 678
570 1027
571 301
572 1123
573 533
574 359
575 139
576 195
577 626
578 118
579 485
580 588
581 125
582 1026
583 9
584 376
585 861
586 1075
587 409
588 844
589 552
590 432
591 66
592 192
593 723
594 382
595 746
596 929
597 898
598 111
599 544
600 851
601 702
602 730
603 30
604 445
605 759
606 203
607 435
608 210
609 345
610 157
611 460
612 186
613 1066
614 574
615 36
616 1056
617 744
618 108
619 686
620 457
621 680
622 519
623 264
624 568
625 589
626 1134
627 372
628 302
629 1016
630 83
631 261
632 962
633 334
634 191
635 969
636 513
637 633
638 202
639 458
640 491
641 1015
642 711
643 214
644 138
645 1133
646 1022
647 647
648 495
649 990
650 802
651 662
652 785
653 477
654 164
655 732
656 630
657 755
658 498
659 993
660 710
661 1093
662 788
663 110
664 330
665 424
666 936
667 368
668 13
669 459
670 27
671 803
672 697
673 1039
674 227
675 731
676 145
677 639
678 753
679 1117
680 77
681 549
682 1130
683 838
684 103
685 658
686 296
687 964
688 255
689 147
690 610
691 942
692 394
693 700
694 213
695 757
696 472
697 534
698 428
699 887
700 1071
701 150
702 893
703 336
704 818
705 35
706 109
707 276
708 609
709 690
710 740
711 515
712 946
713 841
714 329
715 455
716 1035
717 411
718 903
719 1089
720 640
721 671
722 870
723 320
724 72
725 775
726 363
727 585
728 955
729 1118
730 229
731 208
732 199
733 489
734 774
735 1090
736 384
737 961
738 901
739 897
740 747
741 1103
742 804
743 413
744 274
745 295
746 894
747 854
748 649
749 821
750 808
751 364
752 173
753 241
754 1076
755 25
756 88
757 704
758 554
759 172
760 672
761 1009
762 158
763 60
764 1125
765 351
766 705
767 375
768 758
769 631
770 605
771 333
772 31
773 263
774 260
775 423
776 829
777 1083
778 764
779 567
780 1004
781 617
782 52
783 636
784 833
785 733
786 677
787 742
788 559
789 1098
790 141
791 112
792 714
793 518
794 683
795 713
796 494
797 119
798 48
799 781
800 3
801 312
802 560
803 926
804 1119
805 478
806 414
807 1059
808 64
809 556
810 652
811 43
812 643
813 858
814 860
815 902
816 243
817 637
818 932
819 553
820 215
821 953
822 55
823 1111
824 237
825 146
826 488
827 212
828 355
829 322
830 471
831 1067
832 794
833 904
834 584
835 326
836 790
837 1126
838 521
839 694
840 760
841 430
842 950
843 1005
844 973
845 719
846 244
847 895
848 545
849 1014
850 230
851 791
852 39
853 988
854 738
855 501
856 1053
857 391
858 401
859 538
860 369
861 1084
862 917
863 1065
864 991
865 256
866 92
867 974
868 99
869 573
870 995
871 291
872 288
873 499
874 493
875 1078
876 1106
877 884
878 342
879 716
880 8
881 923
882 641
883 986
884 390
885 89
886 799
887 1041
888 12
889 635
890 981
891 522
892 399
893 514
894 371
895 928
896 62
897 1122
898 930
899 840
900 273
901 596
902 822
903 58
904 154
905 762
906 934
907 425
908 4
909 308
910 1091
911 74
912 1044
913 134
914 999
915 281
916 508
917 745
918 433
919 531
920 868
921 591
922 976
923 914
924 251
925 648
926 963
927 299
928 69
929 265
930 842
931 465
932 543
933 68
934 7
935 645
936 675
937 739
938 728
939 540
940 128
941 668
942 947
943 684
944 859
945 1028
946 149
947 452
948 480
949 905
950 354
951 223
952 1010
953 815
954 661
955 869
956 1116
957 992
958 952
959 712
960 1097
961 419
962 340
963 417
964 736
965 717
966 287
967 246
968 546
969 16
970 75
971 197
972 161
973 350
974 33
975 19
976 572
977 924
978 622
979 665
980 51
981 921
982 420
983 880
984 1054
985 996
986 335
987 127
988 122
989 1034
990 795
991 1036
992 933
993 948
994 1038
995 464
996 170
997 171
998 407
999 978
1000 442
1001 593
1002 479
1003 1107
1004 142
1005 421
1006 211
1007 940
1008 306
1009 380
1010 850
1011 780
1012 289
1013 748
1014 379
1015 638
1016 943
1017 189
1018 233
1019 507
1020 405
1021 1025
1022 120
1023 344
1024 729
1025 378
1026 258
1027 872
1028 349
1029 979
1030 691
1031 323
1032 798
1033 951
1034 707
1035 629
1036 1001
1037 228
1038 474
1039 685
1040 482
1041 130
1042 768
1043 406
1044 190
1045 184
1046 185
1047 1082
1048 286
1049 810
1050 998
1051 236
1052 867
1053 1064
1054 528
1055 206
1056 751
1057 896
1058 852
1059 476
1060 469
1061 129
1062 839
1063 925
1064 516
1065 404
1066 853
1067 819
1068 242
1069 293
1070 1040
1071 1031
1072 939
1073 1062
1074 437
1075 777
1076 475
1077 787
1078 805
1079 535
1080 2
1081 102
1082 262
1083 1112
1084 578
1085 216
1086 387
1087 526
1088 205
1089 907
1090 1029
1091 1092
1092 871
1093 124
1094 594
1095 73
1096 607
1097 41
1098 280
1099 156
1100 967
1101 615
1102 24
1103 1109
1104 569
1105 985
1106 997
1107 14
1108 20
1109 848
1110 181
1111 1101
1112 618
1113 436
1114 989
1115 451
1116 956
1117 315
1118 23
1119 1095
1120 96
1121 153
1122 657
1123 462
1124 95
1125 93
1126 817
1127 722
1128 670
1129 600
1130 389
1131 634
1132 597
1133 487
1134 356
0 1068
1 727
2 1131
3 357
4 595
5 566
6 837
7 621
8 443
9 268
10 385
11 429
12 796
13 892
14 346
15 1120
16 919
17 87
18 331
19 912
20 80
21 1051
22 813
23 194
24 864
25 1049
26 506
27 367
28 167
29 878
30 873
31 1045
32 1043
33 737
34 317
35 920
36 960
37 278
38 654
39 944
40 949
41 812
42 541
43 945
44 792
45 875
46 1113
47 50
48 252
49 583
50 40
51 524
52 1013
53 724
54 1048
55 972
56 918
57 234
58 183
59 655
60 1017
61 328
62 94
63 28
64 602
65 57
66 616
67 187
68 830
69 176
70 235
71 994
72 874
73 169
74 523
75 582
76 188
77 1021
78 314
79 1058
80 663
81 106
82 908
83 10
84 720
85 396
86 551
87 316
88 490
89 441
90 743
91 1127
92 1081
93 1060
94 1080
95 131
96 402
97 891
98 341
99 144
100 656
101 1132
102 1087
103 765
104 1007
105 910
106 957
107 1011
108 85
109 889
110 1115
111 22
112 37
113 47
114 824
115 1018
116 539
117 1110
118 327
119 814
120 977
121 879
122 580
123 249
124 811
125 1019
126 620
127 938
128 393
129 1000
130 1061
131 783
132 653
133 133
134 221
135 673
136 222
137 168
138 577
139 248
140 470
141 754
142 726
143 65
144 1124
145 121
146 1024
147 377
148 348
149 555
150 763
151 586
152 624
153 625
154 45
155 343
156 800
157 511
158 598
159 408
160 603
161 958
162 5
163 1
164 360
165 444
166 642
167 1042
168 669
169 300
170 412
171 152
172 688
173 606
174 67
175 90
176 250
177 15
178 207
179 504
180 1063
181 581
182 311
183 915
184 766
185 772
186 613
187 1012
188 906
189 1037
190 44
191 496
192 565
193 703
194 307
195 750
196 849
197 865
198 353
199 309
200 632
201 563
202 0
203 827
204 283
205 431
206 292
207 196
208 481
209 525
210 54
211 536
212 362
213 664
214 117
215 381
216 219
217 319
218 1020
219 502
220 107
221 1046
222 971
223 467
224 752
225 619
226 466
227 909
228 627
229 885
230 601
231 592
232 456
233 438
234 931
235 968
236 689
237 975
238 826
239 699
240 769
241 771
242 1094
243 415
244 1033
245 46
246 204
247 927
248 162
249 81
250 338
251 793
252 820
253 628
254 277
255 935
256 1032
257 500
258 676
259 831
260 374
261 101
262 828
263 395
264 266
265 937
266 666
267 26
268 446
269 741
270 174
271 561
272 698
273 576
274 17
275 590
276 447
277 611
278 383
279 218
280 403
281 708
282 900
283 347
284 113
285 570
286 564
287 239
288 527
289 558
290 461
291 240
292 882
293 497
294 483
295 847
296 1104
297 789
298 856
299 220
300 70
301 439
302 530
303 366
304 318
305 321
306 86
307 272
308 440
309 674
310 571
311 959
312 373
313 179
314 388
315 416
316 486
317 418
318 512
319 1105
320 91
321 756
322 681
323 182
324 505
325 18
326 725
327 180
328 832
329 29
330 807
331 1079
332 954
333 562
334 877
335 267
336 175
337 304
338 834
339 1128
340 370
341 970
342 786
343 1085
344 1008
345 352
346 217
347 123
348 275
349 984
350 166
351 365
352 115
353 148
354 982
355 806
356 888
357 784
358 1072
359 816
360 1129
361 6
362 132
363 165
364 693
365 238
366 614
367 449
368 232
369 836
370 297
371 778
372 247
373 517
374 537
375 1077
376 71
377 857
378 76
379 886
380 358
381 454
382 484
383 749
384 987
385 310
386 1050
387 137
388 644
389 599
390 1088
391 426
392 863
393 136
394 56
395 159
396 701
397 313
398 468
399 143
400 862
401 966
402 773
403 392
404 1069
405 325
406 1086
407 706
408 271
409 298
410 855
411 59
412 78
413 682
414 224
415 200
416 270
417 843
418 397
419 718
420 1070
421 231
422 532
423 529
424 846
425 604
426 254
427 140
428 279
429 1096
430 450
431 79
432 282
433 866
434 294
435 53
436 913
437 1100
438 548
439 100
440 163
441 61
442 876
443 285
444 825
445 427
446 422
447 761
448 845
449 339
450 448
451 1002
452 520
453 692
454 34
455 400
456 1003
457 105
458 84
459 82
460 361
461 97
462 696
463 883
464 835
465 177
466 916
467 612
468 453
469 259
470 337
471 398
472 269
473 32
474 890
475 386
476 542
477 509
478 473
479 715
480 579
481 49
482 21
483 1074
484 608
485 667
486 881
487 160
488 126
489 198
490 709
491 550
492 178
493 303
494 225
495 63
496 114
497 679
498 193
499 135
500 1121
501 651
502 721
503 257
504 687
505 782
506 1114
507 155
508 1108
509 1073
510 922
511 151
512 911
513 623
514 659
515 226
516 899
517 735
518 201
519 965
520 245
521 1030
522 116
523 983
524 290
525 463
526 660
527 410
528 547
529 1047
530 557
531 767
532 770
533 38
534 809
535 734
536 779
537 104
538 284
539 801
540 587
541 42
542 980
543 253
544 1102
545 209
546 492
547 332
548 305
549 510
550 1052
551 434
552 646
553 98
554 650
555 1055
556 941
557 797
558 11
559 776
560 575
561 695
562 1057
563 1023
564 823
565 503
566 1099
567 324
568 1006
569 678
570 1027
571 301
572 1123
573 533
574 359
575 139
576 195
577 626
578 118
579 485
580 588
581 125
582 1026
583 9
584 376
585 861
586 1075
587 409
588 844
589 552
590 432
591 66
592 192
593 723
594 382
595 746
596 929
597 898
598 111
599 544
600 851
601 702
602 730
603 30
604 445
605 759
606 203
607 435
608 210
609 345
610 157
611 460
612 186
613 1066
614 574
615 36
616 1056
617 744
618 108
619 686
620 457
621 680
622 519
623 264
624 568
625 589
626 1134
627 372
628 302
629 1016
630 83
631 261
632 962
633 334
634 191
635 969
636 513
637 633
638 202
639 458
640 491
641 1015
642 711
643 214
644 138
645 1133
646 1022
647 647
648 495
649 990
650 802
651 662
652 785
653 477
654 164
655 732
656 630
657 755
658 498
659 993
660 710
661 1093
662 788
663 110
664 330
665 424
666 936
667 368
668 13
669 459
670 27
671 803
672 697
673 1039
674 227
675 731
676 145
677 639
678 753
679 1117
680 77
681 549
682 1130
683 838
684 103
685 658
686 296
687 964
688 255
689 147
690 610
691 942
692 394
693 700
694 213
695 757
696 472
697 534
698 428
699 887
700 1071
701 150
702 893
703 336
704 818
705 35
706 109
707 276
708 609
709 690
710 740
711 515
712 946
713 841
714 329
715 455
716 1035
717 411
718 903
719 1089
720 640
721 671
722 870
723 320
724 72
725 775
726 363
727 585
728 955
729 1118
730 229
731 208
732 199
733 489
734 774
735 1090
736 384
737 961
738 901
739 897
740 747
741 1103
742 804
743 413
744 274
745 295
746 894
747 854
748 649
749 821
750 808
751 364
752 173
753 241
754 1076
755 25
756 88
757 704
758 554
759 172
760 672
761 1009
762 158
763 60
764 1125
765 351
766 705
767 375
768 758
769 631
770 605
771 333
772 31
773 263
774 260
775 423
776 829
777 1083
778 764
779 567
780 1004
781 617
782 52
783 636
784 833
785 733
786 677
787 742
788 559
789 1098
790 141
791 112
792 714
793 518
794 683
795 713
796 494
797 119
798 48
799 781
800 3
801 312
802 560
803 926
804 1119
805 478
806 414
807 1059
808 64
809 556
810 652
811 43
812 643
813 858
814 860
815 902
816 243
817 637
818 932
819 553
820 215
821 953
822 55
823 1111
824 237
825 146
826 488
827 212
828 355
829 322
830 471
831 1067
832 794
833 904
834 584
835 326
836 790
837 1126
838 521
839 694
840 760
841 430
842 950
843 1005
844 973
845 719
846 244
847 895
848 545
849 1014
850 230
851 791
852 39
853 988
854 738
855 501
856 1053
857 391
858 401
859 538
860 369
861 1084
862 917
863 1065
864 991
865 256
866 92
867 974
868 99
869 573
870 995
871 291
872 288
873 499
874 493
875 1078
876 1106
877 884
878 342
879 716
880 8
881 923
882 641
883 986
884 390
885 89
886 799
887 1041
888 12
889 635
890 981
891 522
892 399
893 514
894 371
895 928
896 62
897 1122
898 930
899 840
900 273
901 596
902 822
903 58
904 154
905 762
906 934
907 425
908 4
909 308
910 1091
911 74
912 1044
913 134
914 999
915 281
916 508
917 745
918 433
919 531
920 868
921 591
922 976
923 914
924 251
925 648
926 963
927 299
928 69
929 265
930 842
931 465
932 543
933 68
934 7
935 645
936 675
937 739
938 728
939 540
940 128
941 668
942 947
943 684
944 859
945 1028
946 149
947 452
948 480
949 905
950 354
951 223
952 1010
953 815
954 661
955 869
956 1116
957 992
958 952
959 712
960 1097
961 419
962 340
963 417
964 736
965 717
966 287
967 246
968 546
969 16
970 75
971 197
972 161
973 350
974 33
975 19
976 572
977 924
978 622
979 665
980 51
981 921
982 420
983 880
984 1054
985 996
986 335
987 127
988 122
989 1034
990 795
991 1036
992 933
993 948
994 1038
995 464
996 170
997 171
998 407
999 978
1000 442
1001 593
1002 479
1003 1107
1004 142
1005 421
1006 211
1007 940
1008 306
1009 380
1010 850
1011 780
1012 289
1013 748
1014 379
1015 638
1016 943
1017 189
1018 233
1019 507
1020 405
1021 1025
1022 120
1023 344
1024 729
1025 378
1026 258
1027 872
1028 349
1029 979
1030 691
1031 323
1032 798
1033 951
1034 707
1035 629
1036 1001
1037 228
1038 474
1039 685
1040 482
1041 130
1042 768
1043 406
1044 190
1045 184
1046 185
1047 1082
1048 286
1049 810
1050 998
1051 236
1052 867
1053 1064
1054 528
1055 206
1056 751
1057 896
1058 852
1059 476
1060 469
1061 129
1062 839
1063 925
1064 516
1065 404
1066 853
1067 819
1068 242
1069 293
1070 1040
1071 1031
1072 939
1073 1062
1074 437
1075 777
1076 475
1077 787
1078 805
1079 535
1080 2
1081 102
1082 262
1083 1112
1084 578
1085 216
1086 387
1087 526
1088 205
1089 907
1090 1029
1091 1092
1092 871
1093 124
1094 594
1095 73
1096 607
1097 41
1098 280
1099 156
1100 967
1101 615
1102 24
1103 1109
1104 569
1105 985
1106 997
1107 14
1108 20
1109 848
1110 181
1111 1101
1112 618
1113 436
1114 989
1115 451
1116 956
1117 315
1118 23
1119 1095
1120 96
1121 153
1122 657
1123 462
1124 95
1125 93
1126 817
1127 722
1128 670
1129 600
1130 389
1131 634
1132 597
1133 487
1134 356
0 1068
1 727
2 1131
3 357
4 595
5 566
6 837
7 621
8 443
9 268
10 385
11 429
12 796
13 892
14 346
15 1120
16 919
17 87
18 331
19 912
20 80
21 1051
22 813
23 194
24 864
25 1049
26 506
27 367
28 167
29 878
30 873
31 1045
32 1043
33 737
34 317
35 920
36 960
37 278
38 654
39 944
40 949
41 812
42 541
43 945
44 792
45 875
46 1113
47 50
48 252
49 583
50 40
51 524
52 1013
53 724
54 1048
55 972
56 918
57 234
58 183
59 655
60 1017
61 328
62 94
63 28
64 602
65 57
66 616
67 187
68 830
69 176
70 235
71 994
72 874
73 169
74 523
75 582
76 188
77 1021
78 314
79 1058
80 663
81 106
82 908
83 10
84 720
85 396
86 551
87 316
88 490
89 441
90 743
91 1127
92 1081
93 1060
94 1080
95 131
96 402
97 891
98 341
99 144
100 656
101 1132
102 1087
103 765
104 1007
105 910
106 957
107 1011
108 85
109 889
110 1115
111 22
112 37
113 47
114 824
115 1018
116 539
117 1110
118 327
119 814
120 977
121 879
122 580
123 249
124 811
125 1019
126 620
127 938
128 393
129 1000
130 1061
131 783
132 653
133 133
134 221
135 673
136 222
137 168
138 577
139 248
140 470
141 754
142 726
143 65
144 1124
145 121
146 1024
147 377
148 348
149 555
150 763
151 586
152 624
153 625
154 45
155 343
156 800
157 511
158 598
159 408
160 603
161 958
162 5
163 1
164 360
165 444
166 642
167 1042
168 669
169 300
170 412
171 152
172 688
173 606
174 67
175 90
176 250
177 15
178 207
179 504
180 1063
181 581
182 311
183 915
184 766
185 772
186 613
187 1012
188 906
189 1037
190 44
191 496
192 565
193 703
194 307
195 750
196 849
197 865
198 353
199 309
200 632
201 563
202 0
203 827
204 283
205 431
206 292
207 196
208 481
209 525
210 54
211 536
212 362
213 664
214 117
215 381
216 219
217 319
218 1020
219 502
220 107
221 1046
222 971
223 467
224 752
225 619
226 466
227 909
228 627
229 885
230 601
231 592
232 456
233 438
234 931
235 968
236 689
237 975
238 826
239 699
240 769
241 771
242 1094
243 415
244 1033
245 46
246 204
247 927
248 162
249 81
250 338
251 793
252 820
253 628
254 277
255 935
256 1032
257 500
258 676
259 831
260 374
261 101
262 828
263 395
264 266
265 937
266 666
267 26
268 446
269 741
270 174
271 561
272 698
273 576
274 17
275 590
276 447
277 611
278 383
279 218
280 403
281 708
282 900
283 347
284 113
285 570
286 564
287 239
288 527
289 558
290 461
291 240
292 882
293 497
294 483
295 847
296 1104
297 789
298 856
299 220
300 70
301 439
302 530
303 366
304 318
305 321
306 86
307 272
308 440
309 674
310 571
311 959
312 373
313 179
314 388
315 416
316 486
317 418
318 512
319 1105
320 91
321 756
322 681
323 182
324 505
325 18
326 725
327 180
328 832
329 29
330 807
331 1079
332 954
333 562
334 877
335 267
336 175
337 304
338 834
339 1128
340 370
341 970
342 786
343 1085
344 1008
345 352
346 217
347 123
348 275
349 984
350 166
351 365
352 115
353 148
354 982
355 806
356 888
357 784
358 1072
359 816
360 1129
361 6
362 132
363 165
364 693
365 238
366 614
367 449
368 232
369 836
370 297
371 778
372 247
373 517
374 537
375 1077
376 71
377 857
378 76
379 886
380 358
381 454
382 484
383 749
384 987
385 310
386 1050
387 137
388 644
389 599
390 1088
391 426
392 863
393 136
394 56
395 159
396 701
397 313
398 468
399 143
400 862
401 966
402 773
403 392
404 1069
405 325
406 1086
407 706
408 271
409 298
410 855
411 59
412 78
413 682
414 224
415 200
416 270
417 843
418 397
419 718
420 1070
421 231
422 532
423 529
424 846
425 604
426 254
427 140
428 279
429 1096
430 450
431 79
432 282
433 866
434 294
435 53
436 913
437 1100
438 548
439 100
440 163
441 61
442 876
443 285
444 825
445 427
446 422
447 761
448 845
449 339
450 448
451 1002
452 520
453 692
454 34
455 400
456 1003
457 105
458 84
459 82
460 361
461 97
462 696
463 883
464 835
465 177
466 916
467 612
468 453
469 259
470 337
471 398
472 269
473 32
474 890
475 386
476 542
477 509
478 473
479 715
480 579
481 49
482 21
483 1074
484 608
485 667
486 881
487 160
488 126
489 198
490 709
491 550
492 178
493 303
494 225
495 63
496 114
497 679
498 193
499 135
500 1121
501 651
502 721
503 257
504 687
505 782
506 1114
507 155
508 1108
509 1073
510 922
511 151
512 911
513 623
514 659
515 226
516 899
517 735
518 201
519 965
520 245
521 1030
522 116
523 983
524 290
525 463
526 660
527 410
528 547
529 1047
530 557
531 767
532 770
533 38
534 809
535 734
536 779
537 104
538 284
539 801
540 587
541 42
542 980
543 253
544 1102
545 209
546 492
547 332
548 305
549 510
550 1052
551 434
552 646
553 98
554 650
555 1055
556 941
557 797
558 11
559 776
560 575
561 695
562 1057
563 1023
564 823
565 503
566 1099
567 324
568 1006
569 678
570 1027
571 301
572 1123
573 533
574 359
575 139
576 195
577 626
578 118
579 485
580 588
581 125
582 1026
583 9
584 376
585 861
586 1075
587 409
588 844
589 552
590 432
591 66
592 192
593 723
594 382
595 746
596 929
597 898
598 111
599 544
600 851
601 702
602 730
603 30
604 445
605 759
606 203
607 435
608 210
609 345
610 157
611 460
612 186
613 1066
614 574
615 36
616 1056
617 744
618 108
619 686
620 457
621 680
622 519
623 264
624 568
625 589
626 1134
627 372
628 302
629 1016
630 83
631 261
632 962
633 334
634 191
635 969
636 513
637 633
638 202
639 458
640 491
641 1015
642 711
643 214
644 138
645 1133
646 1022
647 647
648 495
649 990
650 802
651 662
652 785
653 477
654 164
655 732
656 630
657 755
658 498
659 993
660 710
661 1093
662 788
663 110
664 330
665 424
666 936
667 368
668 13
669 459
670 27
671 803
672 697
673 1039
674 227
675 731
676 145
677 639
678 753
679 1117
680 77
681 549
682 1130
683 838
684 103
685 658
686 296
687 964
688 255
689 147
690 610
691 942
692 394
693 700
694 213
695 757
696 472
697 534
698 428
699 887
700 1071
701 150
702 893
703 336
704 818
705 35
706 109
707 276
708 609
709 690
710 740
711 515
712 946
713 841
714 329
715 455
716 1035
717 411
718 903
719 1089
720 640
721 671
722 870
723 320
724 72
725 775
726 363
727 585
728 955
729 1118
730 229
731 208
732 199
733 489
734 774
735 1090
736 384
737 961
738 901
739 897
740 747
741 1103
742 804
743 413
744 274
745 295
746 894
747 854
748 649
749 821
750 808
751 364
752 173
753 241
754 1076
755 25
756 88
757 704
758 554
759 172
760 672
761 1009
762 158
763 60
764 1125
765 351
766 705
767 375
768 758
769 631
770 605
771 333
772 31
773 263
774 260
775 423
776 829
777 1083
778 764
779 567
780 1004
781 617
782 52
783 636
784 833
785 733
786 677
787 742
788 559
789 1098
790 141
791 112
792 714
793 518
794 683
795 713
796 494
797 119
798 48
799 781
800 3
801 312
802 560
803 926
804 1119
805 478
806 414
807 1059
808 64
809 556
810 652
811 43
812 643
813 858
814 860
815 902
816 243
817 637
818 932
819 553
820 215
821 953
822 55
823 1111
824 237
825 146
826 488
827 212
828 355
829 322
830 471
831 1067
832 794
833 904
834 584
835 326
836 790
837 1126
838 521
839 694
840 760
841 430
842 950
843 1005
844 973
845 719
846 244
847 895
848 545
849 1014
850 230
851 791
852 39
853 988
854 738
855 501
856 1053
857 391
858 401
859 538
860 369
861 1084
862 917
863 1065
864 991
865 256
866 92
867 974
868 99
869 573
870 995
871 291
872 288
873 499
874 493
875 1078
876 1106
877 884
878 342
879 716
880 8
881 923
882 641
883 986
884 390
885 89
886 799
887 1041
888 12
889 635
890 981
891 522
892 399
893 514
894 371
895 928
896 62
897 1122
898 930
899 840
900 273
901 596
902 822
903 58
904 154
905 762
906 934
907 425
908 4
909 308
910 1091
911 74
912 1044
913 134
914 999
915 281
916 508
917 745
918 433
919 531
920 868
921 591
922 976
923 914
924 251
925 648
926 963
927 299
928 69
929 265
930 842
931 465
932 543
933 68
934 7
935 645
936 675
937 739
938 728
939 540
940 128
941 668
942 947
943 684
944 859
945 1028
946 149
947 452
948 480
949 905
950 354
951 223
952 1010
953 815
954 661
955 869
956 1116
957 992
958 952
959 712
960 1097
961 419
962 340
963 417
964 736
965 717
966 287
967 246
968 546
969 16
970 75
971 197
972 161
973 350
974 33
975 19
976 572
977 924
978 622
979 665
980 51
981 921
982 420
983 880
984 1054
985 996
986 335
987 127
988 122
989 1034
990 795
991 1036
992 933
993 948
994 1038
995 464
996 170
997 171
998 407
999 978
1000 442
1001 593
1002 479
1003 1107
1004 142
1005 421
1006 211
1007 940
1008 306
1009 380
1010 850
1011 780
1012 289
1013 748
1014 379
1015 638
1016 943
1017 189
1018 233
1019 507
1020 405
1021 1025
1022 120
1023 344
1024 729
1025 378
1026 258
1027 872
1028 349
1029 979
1030 691
1031 323
1032 798
1033 951
1034 707
1035 629
1036 1001
1037 228
1038 474
1039 685
1040 482
1041 130
1042 768
1043 406
1044 190
1045 184
1046 185
1047 1082
1048 286
1049 810
1050 998
1051 236
1052 867
1053 1064
1054 528
1055 206
1056 751
1057 896
1058 852
1059 476
1060 469
1061 129
1062 839
1063 925
1064 516
1065 404
1066 853
1067 819
1068 242
1069 293
1070 1040
1071 1031
1072 939
1073 1062
1074 437
1075 777
1076 475
1077 787
1078 805
1079 535
1080 2
1081 102
1082 262
1083 1112
1084 578
1085 216
1086 387
1087 526
1088 205
1089 907
1090 1029
1091 1092
1092 871
1093 124
1094 594
1095 73
1096 607
1097 41
1098 280
1099 156
1100 967
1101 615
1102 24
1103 1109
1104 569
1105 985
1106 997
1107 14
1108 20
1109 848
1110 181
1111 1101
1112 618
1113 436
1114 989
1115 451
1116 956
1117 315
1118 23
1119 1095
1120 96
1121 153
1122 657
1123 462
1124 95
1125 93
1126 817
1127 722
1128 670
1129 600
1130 389
1131 634
1132 597
1133 487
1134 356